%Polinomial n=2
A=[0,0,1;0.04,0.2,1;0.16,0.4,1]
B=[4;3.84;3.76]
x=A\B